date   REG1_contr  lpyear
------ ------------------------  ------------------------
199001  8.8944444444444000E-01 -2.2204460492503000E-16
199002 -1.3547619047619000E-01 -2.4214285714285000E-01
199003 -1.1111111111098000E-03  8.8817841970012000E-16
199004 -1.3188888888888000E+00  1.8873791418627000E-15
199005  9.7138888888889000E-01  7.7715611723761000E-16
199006 -1.7050000000000000E+00  1.7763568394002000E-15
199007  8.8500000000000000E-01  7.7715611723761000E-16
199008  8.9000000000000000E-01  7.7715611723761000E-16
199009 -2.2211111111111000E+00  1.7763568394002000E-15
199010  1.3311111111111000E+00  8.8817841970012000E-16
199011  1.5561111111111000E+00  1.9984014443252000E-15
199012 -2.2216666666666000E+00  8.8817841970012000E-16
199101  8.8944444444444000E-01 -1.1102230246251000E-16
199102 -1.3547619047619000E-01 -2.4214285714285000E-01
199103 -1.5566666666666000E+00  8.8817841970012000E-16
199104  2.3666666666666000E-01  1.8873791418627000E-15
199105 -5.8416666666666000E-01  8.8817841970012000E-16
199106 -1.7050000000000000E+00  1.5543122344752000E-15
199107  2.4405555555555000E+00  8.8817841970012000E-16
199108 -6.6555555555555000E-01  9.9920072216264000E-16
199109 -6.6555555555555000E-01  1.7763568394002000E-15
199110  1.3311111111111000E+00  8.8817841970012000E-16
199111 -1.5550000000000000E+00  1.8873791418627000E-15
199112 -6.6611111111111000E-01  8.3266726846886000E-16
199201  8.8944444444444000E-01  0.0000000000000000E+00
199202 -6.9103174603174000E-01  7.5785714285714000E-01
199203 -1.1111111111098000E-03  8.8817841970012000E-16
199204  2.3666666666666000E-01  1.7208456881689000E-15
199205 -2.1397222222222000E+00  8.8817841970012000E-16
199206 -1.4944444444444000E-01  1.7763568394002000E-15
199207  8.8500000000000000E-01  9.9920072216264000E-16
199208 -6.6555555555555000E-01  8.8817841970012000E-16
199209  8.9000000000000000E-01  1.7763568394002000E-15
199210 -2.2444444444444000E-01  8.8817841970012000E-16
199211  5.5555555555648000E-04  1.8318679906315000E-15
199212  8.8944444444444000E-01  8.8817841970012000E-16
199301 -2.2216666666666000E+00  0.0000000000000000E+00
199302 -1.3547619047619000E-01 -2.4214285714285000E-01
199303  1.5544444444444000E+00  8.8817841970012000E-16
199304  2.3666666666666000E-01  1.7208456881689000E-15
199305 -5.8416666666666000E-01  8.3266726846886000E-16
199306  1.4061111111111000E+00  1.7763568394002000E-15
199307 -6.7055555555555000E-01  9.9920072216264000E-16
199308  8.9000000000000000E-01  8.8817841970012000E-16
199309  8.9000000000000000E-01  1.7763568394002000E-15
199310 -1.7800000000000000E+00  8.8817841970012000E-16
199311  5.5555555555648000E-04  1.8318679906315000E-15
199312  2.4450000000000000E+00  8.8817841970012000E-16
199401 -6.6611111111111000E-01  0.0000000000000000E+00
199402 -1.3547619047619000E-01 -2.4214285714285000E-01
199403  1.5544444444444000E+00  8.8817841970012000E-16
199404 -1.3188888888888000E+00  1.8873791418627000E-15
199405  9.7138888888889000E-01  6.6613381477509000E-16
199406  1.4061111111111000E+00  1.7763568394002000E-15
199407 -2.2261111111111000E+00  8.8817841970012000E-16
199408  8.9000000000000000E-01  8.8817841970012000E-16
199409  8.9000000000000000E-01  1.7763568394002000E-15
199410 -1.7800000000000000E+00  8.8817841970012000E-16
199411  5.5555555555649000E-04  1.6653345369377000E-15
199412  8.8944444444444000E-01  8.8817841970012000E-16
199501  8.8944444444444000E-01 -2.2204460492503000E-16
199502 -1.3547619047619000E-01 -2.4214285714285000E-01
199503  1.5544444444444000E+00  8.8817841970012000E-16
199504 -2.8744444444444000E+00  1.5543122344752000E-15
199505  9.7138888888889000E-01  8.8817841970012000E-16
199506 -1.4944444444444000E-01  1.9984014443252000E-15
199507 -2.2261111111111000E+00  8.8817841970012000E-16
199508  8.9000000000000000E-01  8.8817841970012000E-16
199509 -6.6555555555555000E-01  1.7763568394002000E-15
199510 -2.2444444444444000E-01  8.8817841970012000E-16
199511  1.5561111111111000E+00  1.7763568394002000E-15
199512 -2.2216666666666000E+00  8.8817841970012000E-16
199601  8.8944444444444000E-01 -2.2204460492503000E-16
199602  8.6452380952381000E-01  7.5785714285714000E-01
199603 -1.5566666666666000E+00  8.8817841970012000E-16
199604  2.3666666666666000E-01  1.8873791418627000E-15
199605 -5.8416666666666000E-01  8.8817841970012000E-16
199606 -1.7050000000000000E+00  1.5543122344752000E-15
199607  2.4405555555555000E+00  8.8817841970012000E-16
199608 -6.6555555555555000E-01  9.9920072216264000E-16
199609 -6.6555555555555000E-01  1.7763568394002000E-15
199610  1.3311111111111000E+00  8.8817841970012000E-16
199611 -1.5550000000000000E+00  1.8873791418627000E-15
199612 -6.6611111111111000E-01  8.3266726846886000E-16
199701  8.8944444444444000E-01  0.0000000000000000E+00
199702 -1.3547619047619000E-01 -2.4214285714285000E-01
199703 -3.1122222222222000E+00  8.8817841970012000E-16
199704  1.7922222222222000E+00  1.5543122344752000E-15
199705 -5.8416666666666000E-01  8.8817841970012000E-16
199706 -1.4944444444444000E-01  1.8318679906315000E-15
199707  8.8500000000000000E-01  8.8817841970012000E-16
199708 -2.2211111111111000E+00  8.8817841970012000E-16
199709  8.9000000000000000E-01  1.7763568394002000E-15
199710  1.3311111111111000E+00  8.8817841970012000E-16
199711 -1.5550000000000000E+00  1.9984014443252000E-15
199712  8.8944444444444000E-01  7.7715611723761000E-16
199801 -6.6611111111111000E-01  0.0000000000000000E+00
199802 -1.3547619047619000E-01 -2.4214285714285000E-01
199803 -1.1111111111098000E-03  8.8817841970012000E-16
199804  2.3666666666666000E-01  1.7208456881689000E-15
199805 -2.1397222222222000E+00  8.8817841970012000E-16
199806 -1.4944444444444000E-01  1.7763568394002000E-15
199807  8.8500000000000000E-01  9.9920072216264000E-16
199808 -6.6555555555555000E-01  8.8817841970012000E-16
199809  8.9000000000000000E-01  1.7763568394002000E-15
199810 -2.2444444444444000E-01  8.8817841970012000E-16
199811  5.5555555555648000E-04  1.8318679906315000E-15
199812  8.8944444444444000E-01  8.8817841970012000E-16
199901 -2.2216666666666000E+00  0.0000000000000000E+00
199902 -1.3547619047619000E-01 -2.4214285714285000E-01
199903  1.5544444444444000E+00  8.8817841970012000E-16
199904  2.3666666666666000E-01  1.7208456881689000E-15
199905 -5.8416666666666000E-01  8.3266726846886000E-16
199906  1.4061111111111000E+00  1.7763568394002000E-15
199907 -6.7055555555555000E-01  9.9920072216264000E-16
199908  8.9000000000000000E-01  8.8817841970012000E-16
199909  8.9000000000000000E-01  1.7763568394002000E-15
199910 -1.7800000000000000E+00  8.8817841970012000E-16
199911  5.5555555555648000E-04  1.8318679906315000E-15
199912  2.4450000000000000E+00  8.8817841970012000E-16
200001 -6.6611111111111000E-01  0.0000000000000000E+00
200002  8.6452380952381000E-01  7.5785714285714000E-01
200003  1.5544444444444000E+00  8.8817841970012000E-16
200004 -2.8744444444444000E+00  1.5543122344752000E-15
200005  2.5269444444444000E+00  8.8817841970012000E-16
200006 -1.7050000000000000E+00  1.9984014443252000E-15
200007 -2.2261111111111000E+00  8.8817841970012000E-16
200008  8.9000000000000000E-01  8.8817841970012000E-16
200009 -6.6555555555555000E-01  1.7763568394002000E-15
200010 -2.2444444444444000E-01  8.8817841970012000E-16
200011  1.5561111111111000E+00  1.7763568394002000E-15
200012 -2.2216666666666000E+00  8.8817841970012000E-16
200101  8.8944444444444000E-01 -2.2204460492503000E-16
200102 -1.3547619047619000E-01 -2.4214285714285000E-01
200103 -1.1111111111098000E-03  8.8817841970012000E-16
200104 -1.3188888888888000E+00  1.8873791418627000E-15
200105  9.7138888888889000E-01  7.7715611723761000E-16
200106 -1.7050000000000000E+00  1.7763568394002000E-15
200107  8.8500000000000000E-01  7.7715611723761000E-16
200108  8.9000000000000000E-01  7.7715611723761000E-16
200109 -2.2211111111111000E+00  1.7763568394002000E-15
200110  1.3311111111111000E+00  8.8817841970012000E-16
200111  1.5561111111111000E+00  1.9984014443252000E-15
200112 -2.2216666666666000E+00  8.8817841970012000E-16
200201  8.8944444444444000E-01 -1.1102230246251000E-16
200202 -1.3547619047619000E-01 -2.4214285714285000E-01
200203 -1.5566666666666000E+00  8.8817841970012000E-16
200204  2.3666666666666000E-01  1.8873791418627000E-15
200205 -5.8416666666666000E-01  8.8817841970012000E-16
200206 -1.7050000000000000E+00  1.5543122344752000E-15
200207  2.4405555555555000E+00  8.8817841970012000E-16
200208 -6.6555555555555000E-01  9.9920072216264000E-16
200209 -6.6555555555555000E-01  1.7763568394002000E-15
200210  1.3311111111111000E+00  8.8817841970012000E-16
200211 -1.5550000000000000E+00  1.8873791418627000E-15
200212 -6.6611111111111000E-01  8.3266726846886000E-16
200301  8.8944444444444000E-01  0.0000000000000000E+00
200302 -1.3547619047619000E-01 -2.4214285714285000E-01
200303 -1.5566666666666000E+00  8.8817841970012000E-16
200304  2.3666666666666000E-01  1.7763568394002000E-15
200305 -5.8416666666666000E-01  8.8817841970012000E-16
200306 -1.7050000000000000E+00  1.5543122344752000E-15
200307  8.8500000000000000E-01  8.8817841970012000E-16
200308 -2.2211111111111000E+00  8.8817841970012000E-16
200309  8.9000000000000000E-01  1.7763568394002000E-15
200310  1.3311111111111000E+00  8.8817841970012000E-16
200311 -1.5550000000000000E+00  1.9984014443252000E-15
200312  8.8944444444444000E-01  7.7715611723761000E-16
200401 -6.6611111111111000E-01  0.0000000000000000E+00
200402 -6.9103174603174000E-01  7.5785714285714000E-01
200403  1.5544444444444000E+00  8.8817841970012000E-16
200404  2.3666666666666000E-01  1.7208456881689000E-15
200405 -5.8416666666666000E-01  8.3266726846886000E-16
200406  1.4061111111111000E+00  1.7763568394002000E-15
200407 -6.7055555555555000E-01  9.9920072216264000E-16
200408  8.9000000000000000E-01  8.8817841970012000E-16
200409  8.9000000000000000E-01  1.7763568394002000E-15
200410 -1.7800000000000000E+00  8.8817841970012000E-16
200411  5.5555555555648000E-04  1.8318679906315000E-15
200412  2.4450000000000000E+00  8.8817841970012000E-16
200501 -6.6611111111111000E-01  0.0000000000000000E+00
200502 -1.3547619047619000E-01 -2.4214285714285000E-01
200503 -1.1111111111098000E-03  8.8817841970012000E-16
200504  2.3666666666666000E-01  1.8318679906315000E-15
200505  1.7491666666666000E+00  6.6613381477509000E-16
200506  1.4061111111111000E+00  1.7763568394002000E-15
200507 -2.2261111111111000E+00  8.8817841970012000E-16
200508  8.9000000000000000E-01  8.8817841970012000E-16
200509  8.9000000000000000E-01  1.7763568394002000E-15
200510 -1.7800000000000000E+00  8.8817841970012000E-16
200511  5.5555555555649000E-04  1.6653345369377000E-15
200512  8.8944444444444000E-01  8.8817841970012000E-16
200601  8.8944444444444000E-01 -2.2204460492503000E-16
200602 -1.3547619047619000E-01 -2.4214285714285000E-01
200603  1.5544444444444000E+00  8.8817841970012000E-16
200604 -2.8744444444444000E+00  1.5543122344752000E-15
200605  9.7138888888889000E-01  8.8817841970012000E-16
200606 -1.4944444444444000E-01  1.9984014443252000E-15
200607 -2.2261111111111000E+00  8.8817841970012000E-16
200608  8.9000000000000000E-01  8.8817841970012000E-16
200609 -6.6555555555555000E-01  1.7763568394002000E-15
200610 -2.2444444444444000E-01  8.8817841970012000E-16
200611  1.5561111111111000E+00  1.7763568394002000E-15
200612 -2.2216666666666000E+00  8.8817841970012000E-16
200701  8.8944444444444000E-01 -2.2204460492503000E-16
200702 -1.3547619047619000E-01 -2.4214285714285000E-01
200703 -1.1111111111098000E-03  8.8817841970012000E-16
200704 -1.3188888888888000E+00  1.8873791418627000E-15
200705 -5.8416666666666000E-01  6.6613381477509000E-16
200706 -1.4944444444444000E-01  1.7208456881689000E-15
200707  8.8500000000000000E-01  7.7715611723761000E-16
200708  8.9000000000000000E-01  7.7715611723761000E-16
200709 -2.2211111111111000E+00  1.7763568394002000E-15
200710  1.3311111111111000E+00  8.8817841970012000E-16
200711  1.5561111111111000E+00  1.9984014443252000E-15
200712 -2.2216666666666000E+00  8.8817841970012000E-16
200801  8.8944444444444000E-01 -1.1102230246251000E-16
200802  8.6452380952381000E-01  7.5785714285714000E-01
200803 -3.1122222222222000E+00  8.8817841970012000E-16
200804  1.7922222222222000E+00  1.5543122344752000E-15
200805 -5.8416666666666000E-01  8.8817841970012000E-16
200806 -1.4944444444444000E-01  1.8318679906315000E-15
200807  8.8500000000000000E-01  8.8817841970012000E-16
200808 -2.2211111111111000E+00  8.8817841970012000E-16
200809  8.9000000000000000E-01  1.7763568394002000E-15
200810  1.3311111111111000E+00  8.8817841970012000E-16
200811 -1.5550000000000000E+00  1.9984014443252000E-15
200812  8.8944444444444000E-01  7.7715611723761000E-16
200901 -6.6611111111111000E-01  0.0000000000000000E+00
200902 -1.3547619047619000E-01 -2.4214285714285000E-01
200903 -1.1111111111098000E-03  8.8817841970012000E-16
200904  2.3666666666666000E-01  1.7208456881689000E-15
200905 -2.1397222222222000E+00  8.8817841970012000E-16
200906 -1.4944444444444000E-01  1.7763568394002000E-15
200907  8.8500000000000000E-01  9.9920072216264000E-16
200908 -6.6555555555555000E-01  8.8817841970012000E-16
200909  8.9000000000000000E-01  1.7763568394002000E-15
200910 -2.2444444444444000E-01  8.8817841970012000E-16
200911  5.5555555555648000E-04  1.8318679906315000E-15
200912  8.8944444444444000E-01  8.8817841970012000E-16
201001 -2.2216666666666000E+00  0.0000000000000000E+00
201002 -1.3547619047619000E-01 -2.4214285714285000E-01
201003  1.5544444444444000E+00  8.8817841970012000E-16
201004  2.3666666666666000E-01  1.7208456881689000E-15
201005 -5.8416666666666000E-01  8.3266726846886000E-16
201006  1.4061111111111000E+00  1.7763568394002000E-15
201007 -6.7055555555555000E-01  9.9920072216264000E-16
201008  8.9000000000000000E-01  8.8817841970012000E-16
201009  8.9000000000000000E-01  1.7763568394002000E-15
201010 -1.7800000000000000E+00  8.8817841970012000E-16
201011  5.5555555555648000E-04  1.8318679906315000E-15
201012  2.4450000000000000E+00  8.8817841970012000E-16
201101 -6.6611111111111000E-01  0.0000000000000000E+00
201102 -1.3547619047619000E-01 -2.4214285714285000E-01
201103  1.5544444444444000E+00  8.8817841970012000E-16
201104 -1.3188888888888000E+00  1.8873791418627000E-15
201105  4.0825000000000000E+00  8.8817841970012000E-16
201106 -1.7050000000000000E+00  1.7763568394002000E-15
201107 -2.2261111111111000E+00  8.8817841970012000E-16
201108  8.9000000000000000E-01  8.8817841970012000E-16
201109  8.9000000000000000E-01  1.7763568394002000E-15
201110 -1.7800000000000000E+00  8.8817841970012000E-16
201111  5.5555555555649000E-04  1.6653345369377000E-15
201112  8.8944444444444000E-01  8.8817841970012000E-16
201201  8.8944444444444000E-01 -2.2204460492503000E-16
201202  8.6452380952381000E-01  7.5785714285714000E-01
201203 -1.1111111111098000E-03  8.8817841970012000E-16
201204 -1.3188888888888000E+00  1.8873791418627000E-15
201205 -5.8416666666666000E-01  6.6613381477509000E-16
201206 -1.4944444444444000E-01  1.7208456881689000E-15
201207  8.8500000000000000E-01  7.7715611723761000E-16
201208  8.9000000000000000E-01  7.7715611723761000E-16
201209 -2.2211111111111000E+00  1.7763568394002000E-15
201210  1.3311111111111000E+00  8.8817841970012000E-16
201211  1.5561111111111000E+00  1.9984014443252000E-15
201212 -2.2216666666666000E+00  8.8817841970012000E-16
201301  8.8944444444444000E-01 -1.1102230246251000E-16
201302 -1.3547619047619000E-01 -2.4214285714285000E-01
201303 -1.5566666666666000E+00  8.8817841970012000E-16
201304  2.3666666666666000E-01  1.8873791418627000E-15
201305 -5.8416666666666000E-01  8.8817841970012000E-16
201306 -1.7050000000000000E+00  1.5543122344752000E-15
201307  2.4405555555555000E+00  8.8817841970012000E-16
201308 -6.6555555555555000E-01  9.9920072216264000E-16
201309 -6.6555555555555000E-01  1.7763568394002000E-15
201310  1.3311111111111000E+00  8.8817841970012000E-16
201311 -1.5550000000000000E+00  1.8873791418627000E-15
201312 -6.6611111111111000E-01  8.3266726846886000E-16
201401  8.8944444444444000E-01  0.0000000000000000E+00
201402 -1.3547619047619000E-01 -2.4214285714285000E-01
201403 -1.5566666666666000E+00  8.8817841970012000E-16
201404  2.3666666666666000E-01  1.7763568394002000E-15
201405 -5.8416666666666000E-01  8.8817841970012000E-16
201406 -1.7050000000000000E+00  1.5543122344752000E-15
201407  8.8500000000000000E-01  8.8817841970012000E-16
201408 -2.2211111111111000E+00  8.8817841970012000E-16
201409  8.9000000000000000E-01  1.7763568394002000E-15
201410  1.3311111111111000E+00  8.8817841970012000E-16
201411 -1.5550000000000000E+00  1.9984014443252000E-15
201412  8.8944444444444000E-01  7.7715611723761000E-16
201501 -6.6611111111111000E-01  0.0000000000000000E+00
201502 -1.3547619047619000E-01 -2.4214285714285000E-01
201503 -1.1111111111098000E-03  8.8817841970012000E-16
201504  2.3666666666666000E-01  1.7208456881689000E-15
201505 -3.6952777777777000E+00  8.8817841970012000E-16
201506  1.4061111111111000E+00  1.9984014443252000E-15
201507  8.8500000000000000E-01  9.9920072216264000E-16
201508 -6.6555555555555000E-01  8.8817841970012000E-16
201509  8.9000000000000000E-01  1.7763568394002000E-15
201510 -2.2444444444444000E-01  8.8817841970012000E-16
201511  5.5555555555648000E-04  1.8318679906315000E-15
201512  8.8944444444444000E-01  8.8817841970012000E-16
201601 -2.2216666666666000E+00  0.0000000000000000E+00
201602  8.6452380952381000E-01  7.5785714285714000E-01
201603 -1.1111111111098000E-03  8.8817841970012000E-16
201604  2.3666666666666000E-01  1.8318679906315000E-15
201605  9.7138888888889000E-01  6.6613381477509000E-16
201606  1.4061111111111000E+00  1.7763568394002000E-15
201607 -2.2261111111111000E+00  8.8817841970012000E-16
201608  8.9000000000000000E-01  8.8817841970012000E-16
201609  8.9000000000000000E-01  1.7763568394002000E-15
201610 -1.7800000000000000E+00  8.8817841970012000E-16
201611  5.5555555555649000E-04  1.6653345369377000E-15
201612  8.8944444444444000E-01  8.8817841970012000E-16
201701  8.8944444444444000E-01 -2.2204460492503000E-16
201702 -1.3547619047619000E-01 -2.4214285714285000E-01
201703  1.5544444444444000E+00  8.8817841970012000E-16
201704 -2.8744444444444000E+00  1.5543122344752000E-15
201705  9.7138888888889000E-01  8.8817841970012000E-16
201706 -1.4944444444444000E-01  1.9984014443252000E-15
201707 -2.2261111111111000E+00  8.8817841970012000E-16
201708  8.9000000000000000E-01  8.8817841970012000E-16
201709 -6.6555555555555000E-01  1.7763568394002000E-15
201710 -2.2444444444444000E-01  8.8817841970012000E-16
201711  1.5561111111111000E+00  1.7763568394002000E-15
201712 -2.2216666666666000E+00  8.8817841970012000E-16
201801  8.8944444444444000E-01 -2.2204460492503000E-16
201802 -1.3547619047619000E-01 -2.4214285714285000E-01
201803 -1.1111111111098000E-03  8.8817841970012000E-16
201804 -1.3188888888888000E+00  1.8873791418627000E-15
201805 -5.8416666666666000E-01  6.6613381477509000E-16
201806 -1.4944444444444000E-01  1.7208456881689000E-15
201807  8.8500000000000000E-01  7.7715611723761000E-16
201808  8.9000000000000000E-01  7.7715611723761000E-16
201809 -2.2211111111111000E+00  1.7763568394002000E-15
201810  1.3311111111111000E+00  8.8817841970012000E-16
201811  1.5561111111111000E+00  1.9984014443252000E-15
201812 -2.2216666666666000E+00  8.8817841970012000E-16
201901  8.8944444444444000E-01 -1.1102230246251000E-16
201902 -1.3547619047619000E-01 -2.4214285714285000E-01
201903 -1.5566666666666000E+00  8.8817841970012000E-16
201904  2.3666666666666000E-01  1.8873791418627000E-15
201905  9.7138888888889000E-01  8.8817841970012000E-16
201906 -3.2605555555555000E+00  2.2204460492503000E-15
201907  2.4405555555555000E+00  8.8817841970012000E-16
201908 -6.6555555555555000E-01  9.9920072216264000E-16
201909 -6.6555555555555000E-01  1.7763568394002000E-15
201910  1.3311111111111000E+00  8.8817841970012000E-16
201911 -1.5550000000000000E+00  1.8873791418627000E-15
201912 -6.6611111111111000E-01  8.3266726846886000E-16
202001  8.8944444444444000E-01  0.0000000000000000E+00
202002 -6.9103174603174000E-01  7.5785714285714000E-01
202003 -1.1111111111098000E-03  8.8817841970012000E-16
202004  2.3666666666666000E-01  1.7208456881689000E-15
202005 -2.1397222222222000E+00  8.8817841970012000E-16
202006 -1.4944444444444000E-01  1.7763568394002000E-15
202007  8.8500000000000000E-01  9.9920072216264000E-16
202008 -6.6555555555555000E-01  8.8817841970012000E-16
202009  8.9000000000000000E-01  1.7763568394002000E-15
202010 -2.2444444444444000E-01  8.8817841970012000E-16
202011  5.5555555555648000E-04  1.8318679906315000E-15
202012  8.8944444444444000E-01  8.8817841970012000E-16
202101 -2.2216666666666000E+00  0.0000000000000000E+00
202102 -1.3547619047619000E-01 -2.4214285714285000E-01
202103  1.5544444444444000E+00  8.8817841970012000E-16
202104  2.3666666666666000E-01  1.7208456881689000E-15
202105 -5.8416666666666000E-01  8.3266726846886000E-16
202106  1.4061111111111000E+00  1.7763568394002000E-15
202107 -6.7055555555555000E-01  9.9920072216264000E-16
202108  8.9000000000000000E-01  8.8817841970012000E-16
202109  8.9000000000000000E-01  1.7763568394002000E-15
202110 -1.7800000000000000E+00  8.8817841970012000E-16
202111  5.5555555555648000E-04  1.8318679906315000E-15
202112  2.4450000000000000E+00  8.8817841970012000E-16
202201 -6.6611111111111000E-01  0.0000000000000000E+00
202202 -1.3547619047619000E-01 -2.4214285714285000E-01
202203  1.5544444444444000E+00  8.8817841970012000E-16
202204 -1.3188888888888000E+00  1.8873791418627000E-15
202205  2.5269444444444000E+00  6.6613381477509000E-16
202206 -1.4944444444444000E-01  1.8873791418627000E-15
202207 -2.2261111111111000E+00  8.8817841970012000E-16
202208  8.9000000000000000E-01  8.8817841970012000E-16
202209  8.9000000000000000E-01  1.7763568394002000E-15
202210 -1.7800000000000000E+00  8.8817841970012000E-16
202211  5.5555555555649000E-04  1.6653345369377000E-15
202212  8.8944444444444000E-01  8.8817841970012000E-16
202301  8.8944444444444000E-01 -2.2204460492503000E-16
202302 -1.3547619047619000E-01 -2.4214285714285000E-01
202303  1.5544444444444000E+00  8.8817841970012000E-16
202304 -2.8744444444444000E+00  1.5543122344752000E-15
202305 -5.8416666666666000E-01  8.8817841970012000E-16
202306  1.4061111111111000E+00  1.7763568394002000E-15
202307 -2.2261111111111000E+00  8.8817841970012000E-16
202308  8.9000000000000000E-01  8.8817841970012000E-16
202309 -6.6555555555555000E-01  1.7763568394002000E-15
202310 -2.2444444444444000E-01  8.8817841970012000E-16
202311  1.5561111111111000E+00  1.7763568394002000E-15
202312 -2.2216666666666000E+00  8.8817841970012000E-16
202401  8.8944444444444000E-01 -2.2204460492503000E-16
202402  8.6452380952381000E-01  7.5785714285714000E-01
202403 -1.5566666666666000E+00  8.8817841970012000E-16
202404  2.3666666666666000E-01  1.8873791418627000E-15
202405 -5.8416666666666000E-01  8.8817841970012000E-16
202406 -1.7050000000000000E+00  1.5543122344752000E-15
202407  2.4405555555555000E+00  8.8817841970012000E-16
202408 -6.6555555555555000E-01  9.9920072216264000E-16
202409 -6.6555555555555000E-01  1.7763568394002000E-15
202410  1.3311111111111000E+00  8.8817841970012000E-16
202411 -1.5550000000000000E+00  1.8873791418627000E-15
202412 -6.6611111111111000E-01  8.3266726846886000E-16
202501  8.8944444444444000E-01  0.0000000000000000E+00
202502 -1.3547619047619000E-01 -2.4214285714285000E-01
202503 -1.5566666666666000E+00  8.8817841970012000E-16
202504  2.3666666666666000E-01  1.7763568394002000E-15
202505 -5.8416666666666000E-01  8.8817841970012000E-16
202506 -1.7050000000000000E+00  1.5543122344752000E-15
202507  8.8500000000000000E-01  8.8817841970012000E-16
202508 -2.2211111111111000E+00  8.8817841970012000E-16
202509  8.9000000000000000E-01  1.7763568394002000E-15
202510  1.3311111111111000E+00  8.8817841970012000E-16
202511 -1.5550000000000000E+00  1.9984014443252000E-15
202512  8.8944444444444000E-01  7.7715611723761000E-16
202601 -6.6611111111111000E-01  0.0000000000000000E+00
202602 -1.3547619047619000E-01 -2.4214285714285000E-01
202603 -1.1111111111098000E-03  8.8817841970012000E-16
202604  2.3666666666666000E-01  1.7208456881689000E-15
202605 -3.6952777777777000E+00  8.8817841970012000E-16
202606  1.4061111111111000E+00  1.9984014443252000E-15
202607  8.8500000000000000E-01  9.9920072216264000E-16
202608 -6.6555555555555000E-01  8.8817841970012000E-16
202609  8.9000000000000000E-01  1.7763568394002000E-15
202610 -2.2444444444444000E-01  8.8817841970012000E-16
202611  5.5555555555648000E-04  1.8318679906315000E-15
202612  8.8944444444444000E-01  8.8817841970012000E-16
202701 -2.2216666666666000E+00  0.0000000000000000E+00
202702 -1.3547619047619000E-01 -2.4214285714285000E-01
202703 -1.1111111111098000E-03  8.8817841970012000E-16
202704  1.7922222222222000E+00  1.3322676295501000E-15
202705 -5.8416666666666000E-01  8.3266726846886000E-16
202706  1.4061111111111000E+00  1.7763568394002000E-15
202707 -6.7055555555555000E-01  9.9920072216264000E-16
202708  8.9000000000000000E-01  8.8817841970012000E-16
202709  8.9000000000000000E-01  1.7763568394002000E-15
202710 -1.7800000000000000E+00  8.8817841970012000E-16
202711  5.5555555555648000E-04  1.8318679906315000E-15
202712  2.4450000000000000E+00  8.8817841970012000E-16
202801 -6.6611111111111000E-01  0.0000000000000000E+00
202802  8.6452380952381000E-01  7.5785714285714000E-01
202803  1.5544444444444000E+00  8.8817841970012000E-16
202804 -2.8744444444444000E+00  1.5543122344752000E-15
202805  9.7138888888889000E-01  8.8817841970012000E-16
202806 -1.4944444444444000E-01  1.9984014443252000E-15
202807 -2.2261111111111000E+00  8.8817841970012000E-16
202808  8.9000000000000000E-01  8.8817841970012000E-16
202809 -6.6555555555555000E-01  1.7763568394002000E-15
202810 -2.2444444444444000E-01  8.8817841970012000E-16
202811  1.5561111111111000E+00  1.7763568394002000E-15
202812 -2.2216666666666000E+00  8.8817841970012000E-16
202901  8.8944444444444000E-01 -2.2204460492503000E-16
202902 -1.3547619047619000E-01 -2.4214285714285000E-01
202903 -1.1111111111098000E-03  8.8817841970012000E-16
202904 -1.3188888888888000E+00  1.8873791418627000E-15
202905 -5.8416666666666000E-01  6.6613381477509000E-16
202906 -1.4944444444444000E-01  1.7208456881689000E-15
202907  8.8500000000000000E-01  7.7715611723761000E-16
202908  8.9000000000000000E-01  7.7715611723761000E-16
202909 -2.2211111111111000E+00  1.7763568394002000E-15
202910  1.3311111111111000E+00  8.8817841970012000E-16
202911  1.5561111111111000E+00  1.9984014443252000E-15
202912 -2.2216666666666000E+00  8.8817841970012000E-16
203001  8.8944444444444000E-01 -1.1102230246251000E-16
203002 -1.3547619047619000E-01 -2.4214285714285000E-01
203003 -1.5566666666666000E+00  8.8817841970012000E-16
203004  2.3666666666666000E-01  1.8873791418627000E-15
203005  9.7138888888889000E-01  8.8817841970012000E-16
203006 -3.2605555555555000E+00  2.2204460492503000E-15
203007  2.4405555555555000E+00  8.8817841970012000E-16
203008 -6.6555555555555000E-01  9.9920072216264000E-16
203009 -6.6555555555555000E-01  1.7763568394002000E-15
203010  1.3311111111111000E+00  8.8817841970012000E-16
203011 -1.5550000000000000E+00  1.8873791418627000E-15
203012 -6.6611111111111000E-01  8.3266726846886000E-16
